49,13
0,509
10,129
10,235
10,117
10,271
10,217
10,285
10,199
10,2
10,3
11,16
9,7
9,5
9,2
9,3
8,7
8,13
8,14
8,8
8,2
8,3
49,12
49,11
49,10
49,9
49,8
49,7
49,6
49,5
49,4
49,3
49,2
49,1
49,0
45,4
45,3
45,2
45,1
45,0
34,3
34,1
20,3
20,2
20,1
19,3
19,2
19,1
12,3
12,2
12,1
11,28
11,27
11,26
11,25
11,24
11,23
11,22
11,21
11,20
11,19
11,18
11,17
11,15
11,14
11,13
11,12
18,1
11,11
18,3
11,9
11,8
11,7
14,1
11,5
14,3
11,4
13,1
11,3
11,2
13,3
11,1
10,303
10,287
10,278
10,274
10,267
10,262
10,255
10,254
10,249
10,246
10,245
10,243
10,240
10,238
10,230
10,228
10,223
10,222
10,215
10,214
10,213
10,211
10,209
10,205
10,200
10,186
10,184
10,179
10,177
